9789864590025
9789888257362
9789888246960
9789888369034
9789888276356
9789620435447
9789861206066
9789888265527
9789629967918
9789888395194
9789888292486
9789888394838
9789888394753
9789881435255
9789620438998
9789888392117
9789620438318
9789888246991
9789888254552
9789888257461
9789863424871
9789624574821
9789888257188
9789861737690
9780199445387
9789573264002
9780195971279
9789888246885
9789888257218
9789571361833
9789881409508
9789888366972
9789881321350
9789888246977
9780190478254
9789861754291
9780190476526
9789888292479
9789881377722
9789888365548
9789862728604
9789888246861
9789620704161
9789620765544
9789620439018
9789881482600
9789888392001
9789888365494
9789626788776
9789881482679
9789888257409
9789888246830
9789620439506
9789888392124
9789881409492
9789888380626
9789620436222
9789888420339
9789862623077
9789571365091